5 2066.23
5.00503 2231.19
5.01005 2393.6
5.01508 2553.46
5.0201 2710.82
5.02513 2865.69
5.03015 3018.1
5.03518 3168.07
5.0402 3315.62
5.04523 3460.78
5.05025 3603.58
5.05528 3744.04
5.0603 3882.18
5.06533 4018.02
5.07035 4151.59
5.07538 4282.92
5.0804 4412.03
5.08543 4538.94
5.09045 4663.68
5.09548 4786.27
5.1005 4906.73
5.10553 5025.09
5.11055 5141.38
5.11558 5255.61
5.1206 5367.82
5.12563 5478.02
5.13065 5586.24
5.13568 5692.51
5.1407 5796.84
5.14573 5899.27
5.15075 5999.81
5.15578 6098.5
5.1608 6195.35
5.16583 6290.39
5.17085 6383.64
5.17588 6475.13
5.1809 6564.88
5.18593 6652.92
5.19095 6739.26
5.19598 6823.94
5.20101 6906.98
5.20603 6988.4
5.21106 7068.23
5.21608 7146.49
5.22111 7223.2
5.22613 7298.39
5.23116 7372.09
5.23618 7444.31
5.24121 7515.08
5.24623 7584.43
5.25126 7652.38
5.25628 7718.95
5.26131 7784.17
5.26633 7848.06
5.27136 7910.65
5.27638 7971.96
5.28141 8032.01
5.28643 8090.83
5.29146 8148.44
5.29648 8204.87
5.30151 8260.15
5.30653 8314.28
5.31156 8367.31
5.31658 8419.25
5.32161 8470.12
5.32663 8519.96
5.33166 8568.79
5.33668 8616.62
5.34171 8663.49
5.34673 8709.42
5.35176 8754.43
5.35678 8798.54
5.36181 8841.79
5.36683 8884.19
5.37186 8925.77
5.37688 8966.56
5.38191 9006.57
5.38693 9045.83
5.39196 9084.37
5.39698 9122.21
5.40201 9159.37
5.40704 9195.88
5.41206 9231.76
5.41709 9267.04
5.42211 9301.74
5.42714 9335.88
5.43216 9369.5
5.43719 9402.6
5.44221 9435.22
5.44724 9467.39
5.45226 9499.12
5.45729 9530.43
5.46231 9561.37
5.46734 9591.94
5.47236 9622.17
5.47739 9652.09
5.48241 9681.71
5.48744 9711.08
5.49246 9740.2
5.49749 9769.1
5.50251 9797.81
5.50754 9826.35
5.51256 9854.75
5.51759 9883.02
5.52261 9911.2
5.52764 9939.31
5.53266 9967.37
5.53769 9995.4
5.54271 10023.4
5.54774 10051.5
5.55276 10079.6
5.55779 10107.8
5.56281 10136.1
5.56784 10164.4
5.57286 10193
5.57789 10221.7
5.58291 10250.6
5.58794 10279.7
5.59296 10309.1
5.59799 10338.7
5.60302 10368.6
5.60804 10398.9
5.61307 10429.4
5.61809 10460.3
5.62312 10491.7
5.62814 10523.4
5.63317 10555.6
5.63819 10588.2
5.64322 10621.3
5.64824 10654.9
5.65327 10689
5.65829 10723.7
5.66332 10759
5.66834 10794.9
5.67337 10831.4
5.67839 10868.5
5.68342 10906.4
5.68844 10944.9
5.69347 10984.2
5.69849 11024.2
5.70352 11065
5.70854 11106.5
5.71357 11148.9
5.71859 11192.2
5.72362 11236.3
5.72864 11281.3
5.73367 11327.2
5.73869 11374.1
5.74372 11421.9
5.74874 11470.7
5.75377 11520.6
5.75879 11571.4
5.76382 11623.4
5.76884 11676.4
5.77387 11730.5
5.77889 11785.8
5.78392 11842.2
5.78894 11899.8
5.79397 11958.6
5.79899 12018.7
5.80402 12080
5.80905 12142.5
5.81407 12206.4
5.8191 12271.6
5.82412 12338.2
5.82915 12406.1
5.83417 12475.5
5.8392 12546.2
5.84422 12618.5
5.84925 12692.1
5.85427 12767.3
5.8593 12844
5.86432 12922.3
5.86935 13002.1
5.87437 13083.5
5.8794 13166.5
5.88442 13251.2
5.88945 13337.6
5.89447 13425.6
5.8995 13515.3
5.90452 13606.8
5.90955 13700
5.91457 13795.1
5.9196 13891.9
5.92462 13990.6
5.92965 14091.1
5.93467 14193.5
5.9397 14297.9
5.94472 14404.1
5.94975 14512.3
5.95477 14622.5
5.9598 14734.7
5.96482 14848.9
5.96985 14965.2
5.97487 15083.6
5.9799 15204
5.98492 15326.6
5.98995 15451.3
5.99497 15578.2
6 15707.3
